xof 0303txt 0032
template ColorRGBA {
 <35ff44e0-6c7c-11cf-8f52-0040333594a3>
 FLOAT red;
 FLOAT green;
 FLOAT blue;
 FLOAT alpha;
}

template ColorRGB {
 <d3e16e81-7835-11cf-8f52-0040333594a3>
 FLOAT red;
 FLOAT green;
 FLOAT blue;
}

template Material {
 <3d82ab4d-62da-11cf-ab39-0020af71e433>
 ColorRGBA faceColor;
 FLOAT power;
 ColorRGB specularColor;
 ColorRGB emissiveColor;
 [...]
}

template TextureFilename {
 <a42790e1-7810-11cf-8f52-0040333594a3>
 STRING filename;
}

template Frame {
 <3d82ab46-62da-11cf-ab39-0020af71e433>
 [...]
}

template Matrix4x4 {
 <f6f23f45-7686-11cf-8f52-0040333594a3>
 array FLOAT matrix[16];
}

template FrameTransformMatrix {
 <f6f23f41-7686-11cf-8f52-0040333594a3>
 Matrix4x4 frameMatrix;
}

template Vector {
 <3d82ab5e-62da-11cf-ab39-0020af71e433>
 FLOAT x;
 FLOAT y;
 FLOAT z;
}

template MeshFace {
 <3d82ab5f-62da-11cf-ab39-0020af71e433>
 DWORD nFaceVertexIndices;
 array DWORD faceVertexIndices[nFaceVertexIndices];
}

template Mesh {
 <3d82ab44-62da-11cf-ab39-0020af71e433>
 DWORD nVertices;
 array Vector vertices[nVertices];
 DWORD nFaces;
 array MeshFace faces[nFaces];
 [...]
}

template MeshMaterialList {
 <f6f23f42-7686-11cf-8f52-0040333594a3>
 DWORD nMaterials;
 DWORD nFaceIndexes;
 array DWORD faceIndexes[nFaceIndexes];
 [Material <3d82ab4d-62da-11cf-ab39-0020af71e433>]
}

template VertexElement {
 <f752461c-1e23-48f6-b9f8-8350850f336f>
 DWORD Type;
 DWORD Method;
 DWORD Usage;
 DWORD UsageIndex;
}

template DeclData {
 <bf22e553-292c-4781-9fea-62bd554bdd93>
 DWORD nElements;
 array VertexElement Elements[nElements];
 DWORD nDWords;
 array DWORD data[nDWords];
}

template XSkinMeshHeader {
 <3cf169ce-ff7c-44ab-93c0-f78f62d172e2>
 WORD nMaxSkinWeightsPerVertex;
 WORD nMaxSkinWeightsPerFace;
 WORD nBones;
}

template SkinWeights {
 <6f0d123b-bad2-4167-a0d0-80224f25fabb>
 STRING transformNodeName;
 DWORD nWeights;
 array DWORD vertexIndices[nWeights];
 array FLOAT weights[nWeights];
 Matrix4x4 matrixOffset;
}

template AnimTicksPerSecond {
 <9e415a43-7ba6-4a73-8743-b73d47e88476>
 DWORD AnimTicksPerSecond;
}

template Animation {
 <3d82ab4f-62da-11cf-ab39-0020af71e433>
 [...]
}

template AnimationSet {
 <3d82ab50-62da-11cf-ab39-0020af71e433>
 [Animation <3d82ab4f-62da-11cf-ab39-0020af71e433>]
}

template FloatKeys {
 <10dd46a9-775b-11cf-8f52-0040333594a3>
 DWORD nValues;
 array FLOAT values[nValues];
}

template TimedFloatKeys {
 <f406b180-7b3b-11cf-8f52-0040333594a3>
 DWORD time;
 FloatKeys tfkeys;
}

template AnimationKey {
 <10dd46a8-775b-11cf-8f52-0040333594a3>
 DWORD keyType;
 DWORD nKeys;
 array TimedFloatKeys keys[nKeys];
}


Material Material__115 {
 1.000000;1.000000;1.000000;1.000000;;
 10.000000;
 0.000000;0.000000;0.000000;;
 0.000000;0.000000;0.000000;;

 TextureFilename {
  "Helmet01.tga";
 }
}

Material Material__105 {
 1.000000;1.000000;1.000000;1.000000;;
 10.000000;
 0.000000;0.000000;0.000000;;
 0.000000;0.000000;0.000000;;

 TextureFilename {
  "MHead01.tga";
 }
}

Material Material__107 {
 1.000000;1.000000;1.000000;1.000000;;
 10.000000;
 0.000000;0.000000;0.000000;;
 0.000000;0.000000;0.000000;;

 TextureFilename {
  "MBody01.tga";
 }
}

Material Material__106 {
 1.000000;1.000000;1.000000;1.000000;;
 10.000000;
 0.000000;0.000000;0.000000;;
 0.000000;0.000000;0.000000;;

 TextureFilename {
  "MBody01.tga";
 }
}

Material Material__108 {
 1.000000;1.000000;1.000000;1.000000;;
 10.000000;
 0.000000;0.000000;0.000000;;
 0.000000;0.000000;0.000000;;

 TextureFilename {
  "MBody01.tga";
 }
}

Material Material__111 {
 1.000000;1.000000;1.000000;1.000000;;
 10.000000;
 0.000000;0.000000;0.000000;;
 0.000000;0.000000;0.000000;;

 TextureFilename {
  "MBody01.tga";
 }
}

Material Material__109 {
 1.000000;1.000000;1.000000;1.000000;;
 10.000000;
 0.000000;0.000000;0.000000;;
 0.000000;0.000000;0.000000;;

 TextureFilename {
  "MBody01.tga";
 }
}

Material Material__110 {
 1.000000;1.000000;1.000000;1.000000;;
 10.000000;
 0.000000;0.000000;0.000000;;
 0.000000;0.000000;0.000000;;

 TextureFilename {
  "MBody01.tga";
 }
}

Frame SceneRoot {
 

 FrameTransformMatrix {
  1.000000,0.000000,0.000000,0.000000,0.000000,1.000000,0.000000,0.000000,0.000000,0.000000,1.000000,0.000000,0.000000,0.000000,0.000000,1.000000;;
 }

 Frame b_Root {
  

  FrameTransformMatrix {
   1.000000,0.000000,0.000000,0.000000,0.000000,1.000000,0.000000,0.000000,0.000000,0.000000,1.000000,0.000000,0.000000,0.000000,0.000000,1.000000;;
  }

  Frame b_IK_Hand_Root {
   

   FrameTransformMatrix {
    1.000000,0.000000,0.000000,0.000000,0.000000,1.000000,0.000000,0.000000,0.000000,0.000000,1.000000,0.000000,0.000000,0.000000,0.000000,1.000000;;
   }

   Frame b_IK_Gun {
    

    FrameTransformMatrix {
     -0.791206,-0.584792,-0.178917,0.000000,-0.015467,0.311604,-0.950086,0.000000,0.611354,-0.748947,-0.255588,0.000000,-26.252584,45.072429,22.155546,1.000000;;
    }

    Frame b_IK_Hand_R {
     

     FrameTransformMatrix {
      1.000000,-0.000000,-0.000000,0.000000,0.000000,1.000000,0.000000,0.000000,-0.000000,-0.000000,1.000000,0.000000,0.000000,0.000000,0.000000,1.000000;;
     }
    }

    Frame b_IK_Hand_L {
     

     FrameTransformMatrix {
      0.578332,0.136434,0.804312,0.000000,-0.752056,-0.292897,0.590442,0.000000,0.316137,-0.946360,-0.066786,0.000000,-27.643507,42.254330,38.994880,1.000000;;
     }
    }
   }
  }

  Frame b_IK_Foot_Root {
   

   FrameTransformMatrix {
    1.000000,0.000000,0.000000,0.000000,0.000000,1.000000,0.000000,0.000000,0.000000,0.000000,1.000000,0.000000,0.000000,0.000000,0.000000,1.000000;;
   }

   Frame b_IK_Foot_L {
    

    FrameTransformMatrix {
     0.015991,-0.999865,-0.003697,0.000000,-0.798251,-0.014993,0.602139,0.000000,-0.602113,-0.006677,-0.798383,0.000000,13.696448,5.212966,-9.722491,1.000000;;
    }
   }

   Frame b_IK_Foot_R {
    

    FrameTransformMatrix {
     0.020964,-0.999773,0.003845,0.000000,-0.535548,-0.007981,0.844467,0.000000,-0.844245,-0.019762,-0.535593,0.000000,-9.529424,5.441468,19.955074,1.000000;;
    }
   }
  }

  Frame b_Hips {
   

   FrameTransformMatrix {
    0.016176,0.999638,0.021489,0.000000,0.596396,0.007604,-0.802654,0.000000,-0.802527,0.025800,-0.596057,0.000000,6.569443,41.149456,11.618242,1.000000;;
   }

   Frame b_LeftLegUpper {
    

    FrameTransformMatrix {
     -0.379293,0.393964,0.837215,0.000000,-0.317713,-0.905266,0.282050,0.000000,0.869020,-0.159015,0.468529,0.000000,0.000000,6.485946,0.000008,1.000000;;
    }

    Frame b_LeftLeg {
     

     FrameTransformMatrix {
      -0.575920,-0.000000,-0.817506,0.000000,0.000000,1.000000,-0.000000,0.000000,0.817506,-0.000000,-0.575920,0.000000,24.425056,0.000000,-0.000004,1.000000;;
     }

     Frame b_LeftLegCannon {
      

      FrameTransformMatrix {
       0.128920,-0.000000,0.991655,0.000000,0.000000,1.000000,-0.000000,0.000000,-0.991655,0.000000,0.128920,0.000000,22.898808,-0.000002,-0.000004,1.000000;;
      }

      Frame b_LeftFoot {
       

       FrameTransformMatrix {
        0.857673,0.302788,-0.415592,0.000000,-0.284340,0.952699,0.107305,0.000000,0.428425,0.026137,0.903199,0.000000,18.146011,0.000006,0.000000,1.000000;;
       }
      }
     }
    }
   }

   Frame b_RightLegUpper {
    

    FrameTransformMatrix {
     -0.348604,-0.216463,0.911931,0.000000,0.244084,-0.960360,-0.134653,0.000000,0.904930,0.175647,0.387620,0.000000,0.000023,-6.485948,-0.000003,1.000000;;
    }

    Frame b_RightLeg {
     

     FrameTransformMatrix {
      -0.649971,-0.000000,-0.759959,0.000000,-0.000000,1.000000,-0.000000,0.000000,0.759959,0.000000,-0.649971,0.000000,24.425043,0.000004,-0.000004,1.000000;;
     }

     Frame b_RightLegCannon {
      

      FrameTransformMatrix {
       0.174387,-0.000000,0.984677,0.000000,0.000000,1.000000,0.000000,0.000000,-0.984677,0.000000,0.174387,0.000000,22.898810,-0.000004,0.000011,1.000000;;
      }

      Frame b_RightFoot {
       

       FrameTransformMatrix {
        0.906463,-0.239532,-0.347777,0.000000,0.250387,0.968043,-0.014119,0.000000,0.340045,-0.074280,0.937471,0.000000,18.146000,0.000008,-0.000004,1.000000;;
       }
      }
     }
    }
   }

   Frame b_Spine {
    

    FrameTransformMatrix {
     0.964297,0.015244,0.264383,0.000000,-0.009563,0.999695,-0.022760,0.000000,-0.264649,0.019419,0.964149,0.000000,5.586643,-0.452477,-0.214453,1.000000;;
    }

    Frame b_Spine1 {
     

     FrameTransformMatrix {
      0.990405,-0.017930,0.137026,0.000000,0.020698,0.999609,-0.018808,0.000000,-0.136635,0.021464,0.990389,0.000000,9.202503,-0.000142,-0.006639,1.000000;;
     }

     Frame b_Spine2 {
      

      FrameTransformMatrix {
       0.988077,0.005112,0.153878,0.000000,-0.001313,0.999692,-0.024782,0.000000,-0.153957,0.024284,0.987779,0.000000,8.416161,-0.000160,-0.006531,1.000000;;
      }

      Frame b_LeftClav {
       

       FrameTransformMatrix {
        -0.187992,0.975214,-0.116688,0.000000,0.982170,0.186565,-0.023135,0.000000,-0.000792,-0.118956,-0.992899,0.000000,8.212551,6.721638,3.371246,1.000000;;
       }

       Frame b_LeftArm {
        

        FrameTransformMatrix {
         0.823699,-0.564654,-0.051822,0.000000,0.564686,0.825162,-0.015427,0.000000,0.051473,-0.016556,0.998537,0.000000,7.288559,0.000004,0.000008,1.000000;;
        }

        Frame b_LeftForeArm {
         

         FrameTransformMatrix {
          0.590330,0.000000,-0.807162,0.000000,0.000001,1.000000,0.000000,0.000000,0.807162,-0.000001,0.590330,0.000000,16.920067,0.000000,0.000000,1.000000;;
         }

         Frame b_LeftHand {
          

          FrameTransformMatrix {
           0.952003,-0.273719,0.136999,0.000000,-0.154950,-0.044970,0.986898,0.000000,-0.263972,-0.960758,-0.085224,0.000000,18.708835,0.000004,-0.000006,1.000000;;
          }

          Frame b_LeftMiddle1 {
           

           FrameTransformMatrix {
            0.982465,-0.020893,-0.185276,0.000000,0.032670,0.997619,0.060742,0.000000,0.183565,-0.065730,0.980808,0.000000,8.862377,-0.519452,-0.319717,1.000000;;
           }

           Frame b_LeftMiddle2 {
            

            FrameTransformMatrix {
             0.987689,-0.000000,0.156435,0.000000,0.000000,1.000000,0.000000,0.000000,-0.156435,-0.000000,0.987689,0.000000,3.639750,0.000003,0.000004,1.000000;;
            }

            Frame b_LeftMilddle3 {
             

             FrameTransformMatrix {
              0.857167,0.000000,0.515038,0.000000,0.000000,1.000000,-0.000000,0.000000,-0.515038,0.000000,0.857167,0.000000,2.277336,-0.000004,-0.000011,1.000000;;
             }
            }
           }
          }

          Frame b_LeftIndex1 {
           

           FrameTransformMatrix {
            0.963271,-0.242700,-0.114917,0.000000,0.249429,0.967197,0.048108,0.000000,0.099472,-0.075005,0.992210,0.000000,8.417542,-2.871931,-0.133663,1.000000;;
           }

           Frame b_LeftIndex2 {
            

            FrameTransformMatrix {
             0.965926,-0.000000,0.258819,0.000000,0.000000,1.000000,-0.000000,0.000000,-0.258819,0.000000,0.965926,0.000000,3.645403,-0.000001,0.000000,1.000000;;
            }

            Frame b_LeftIndex3 {
             

             FrameTransformMatrix {
              0.642788,-0.000000,0.766044,0.000000,0.000000,1.000000,0.000000,0.000000,-0.766044,0.000000,0.642788,0.000000,2.323992,-0.000004,0.000000,1.000000;;
             }
            }
           }
          }

          Frame b_LeftWeapon {
           

           FrameTransformMatrix {
            -0.000000,0.000262,-1.000000,0.000000,-0.000262,-1.000000,-0.000262,0.000000,-1.000000,0.000262,0.000000,0.000000,6.171772,-1.394090,2.889004,1.000000;;
           }
          }

          Frame b_LeftRing1 {
           

           FrameTransformMatrix {
            0.973732,0.227693,0.001781,0.000000,-0.225535,0.963369,0.145103,0.000000,0.031323,-0.141693,0.989415,0.000000,8.631563,1.448719,-0.033382,1.000000;;
           }

           Frame b_LeftRing2 {
            

            FrameTransformMatrix {
             1.000000,-0.000000,-0.000000,0.000000,-0.000000,1.000000,0.000000,0.000000,0.000000,-0.000000,1.000000,0.000000,3.432366,-0.000001,0.000008,1.000000;;
            }

            Frame b_LeftRing3 {
             

             FrameTransformMatrix {
              0.731354,-0.000000,0.681998,0.000000,0.000000,1.000000,0.000000,0.000000,-0.681998,-0.000000,0.731354,0.000000,2.437166,0.000001,0.000000,1.000000;;
             }
            }
           }
          }

          Frame b_LeftPinky1 {
           

           FrameTransformMatrix {
            0.915593,0.258872,0.307692,0.000000,-0.330323,0.920566,0.208434,0.000000,-0.229293,-0.292478,0.928376,0.000000,8.055485,3.299669,0.454403,1.000000;;
           }

           Frame b_LeftPinky2 {
            

            FrameTransformMatrix {
             0.981627,-0.000000,0.190809,0.000000,0.000000,1.000000,0.000000,0.000000,-0.190809,-0.000000,0.981627,0.000000,2.685602,-0.000002,0.000008,1.000000;;
            }

            Frame b_LeftPinky3 {
             

             FrameTransformMatrix {
              0.719340,-0.000000,0.694659,0.000000,0.000000,1.000000,0.000000,0.000000,-0.694658,0.000000,0.719340,0.000000,2.303402,-0.000002,0.000008,1.000000;;
             }
            }
           }
          }

          Frame b_LeftThumb1 {
           

           FrameTransformMatrix {
            0.255432,-0.931803,0.257873,0.000000,0.653226,-0.030307,-0.756557,0.000000,0.712776,0.361698,0.600936,0.000000,1.912165,-2.097078,0.892044,1.000000;;
           }

           Frame b_LeftThumb2 {
            

            FrameTransformMatrix {
             0.961262,-0.000000,0.275637,0.000000,0.000000,1.000000,-0.000000,0.000000,-0.275637,0.000000,0.961262,0.000000,3.590490,-0.000004,0.000004,1.000000;;
            }

            Frame b_LeftThumb3 {
             

             FrameTransformMatrix {
              0.559193,0.000000,0.829038,0.000000,-0.000000,1.000000,0.000000,0.000000,-0.829038,-0.000000,0.559193,0.000000,2.151989,-0.000001,-0.000008,1.000000;;
             }
            }
           }
          }
         }

         Frame b_LeftForeArmRoll {
          

          FrameTransformMatrix {
           1.000000,0.000000,0.000000,0.000000,-0.000000,0.999741,0.022766,0.000000,-0.000000,-0.022766,0.999741,0.000000,0.000000,-0.000004,-0.000004,1.000000;;
          }
         }
        }

        Frame b_LeftArmRoll {
         

         FrameTransformMatrix {
          1.000000,-0.000000,0.000000,0.000000,0.000000,0.999338,0.036382,0.000000,0.000000,-0.036382,0.999338,0.000000,0.000004,0.000004,0.000000,1.000000;;
         }
        }
       }

       Frame b_LeftShoulderPad {
        

        FrameTransformMatrix {
         0.952629,0.028744,0.302775,0.000000,-0.041341,0.998522,0.035280,0.000000,-0.301313,-0.046126,0.952409,0.000000,5.551374,6.454285,0.739677,1.000000;;
        }
       }
      }

      Frame b_Neck {
       

       FrameTransformMatrix {
        0.087376,0.152053,0.984503,0.000000,0.066682,0.985173,-0.158075,0.000000,-0.993941,0.079461,0.075941,0.000000,10.238228,-0.000533,11.207695,1.000000;;
       }

       Frame b_Head {
        

        FrameTransformMatrix {
         -0.005931,0.114470,-0.993409,0.000000,0.134278,0.984521,0.112644,0.000000,0.990926,-0.132725,-0.021210,0.000000,8.731926,0.000001,-0.000004,1.000000;;
        }

        Frame b_jaw {
         

         FrameTransformMatrix {
          0.984808,0.000000,0.173648,0.000000,-0.000000,1.000000,0.000000,0.000000,-0.173648,0.000000,0.984808,0.000000,-1.022072,0.000000,3.945990,1.000000;;
         }
        }

        Frame b_helmetflap_01 {
         

         FrameTransformMatrix {
          -0.976470,-0.064563,0.205763,0.000000,-0.010722,0.967489,0.252686,0.000000,-0.215388,0.244534,-0.945416,0.000000,-0.907215,6.092666,2.713040,1.000000;;
         }

         Frame b_helmetflap_02 {
          

          FrameTransformMatrix {
           0.999048,-0.003423,-0.043485,0.000000,0.000000,0.996917,-0.078460,0.000000,0.043619,0.078385,0.995968,0.000000,3.209011,-0.000002,0.000003,1.000000;;
          }

          Frame b_helmetflap_03 {
           

           FrameTransformMatrix {
            0.989016,0.147810,0.000000,0.000000,-0.147810,0.989016,0.000000,0.000000,-0.000000,-0.000000,1.000000,0.000000,2.749428,0.000000,0.000000,1.000000;;
           }
          }
         }
        }

        Frame b_helmetflap_04 {
         

         FrameTransformMatrix {
          -0.976470,0.064565,0.205763,0.000000,0.010723,0.967488,-0.252691,0.000000,-0.215388,-0.244538,-0.945415,0.000000,-0.907223,-6.093004,2.713067,1.000000;;
         }

         Frame b_helmetflap_05 {
          

          FrameTransformMatrix {
           0.999048,0.003422,-0.043485,0.000000,0.000000,0.996917,0.078459,0.000000,0.043619,-0.078384,0.995968,0.000000,3.209057,0.000792,-0.000189,1.000000;;
          }

          Frame b_helmetflap_06 {
           

           FrameTransformMatrix {
            0.989016,-0.147810,0.000000,0.000000,0.147810,0.989016,-0.000001,0.000000,-0.000000,0.000001,1.000000,0.000000,2.749390,-0.000648,0.000212,1.000000;;
           }
          }
         }
        }
       }
      }

      Frame b_RightClav {
       

       FrameTransformMatrix {
        -0.153175,-0.981692,-0.113217,0.000000,-0.988199,0.152075,0.018346,0.000000,-0.000792,0.114691,-0.993401,0.000000,8.212551,-6.721612,3.371277,1.000000;;
       }

       Frame b_RightArm {
        

        FrameTransformMatrix {
         0.679305,0.730332,-0.071829,0.000000,-0.733074,0.670803,-0.112366,0.000000,-0.033882,0.128987,0.991068,0.000000,7.288557,0.000000,0.000004,1.000000;;
        }

        Frame b_RightForeArm {
         

         FrameTransformMatrix {
          0.235783,-0.000000,-0.971806,0.000000,-0.000000,1.000000,-0.000000,0.000000,0.971806,0.000000,0.235783,0.000000,16.920062,0.000004,0.000000,1.000000;;
         }

         Frame b_RightHand {
          

          FrameTransformMatrix {
           0.993379,-0.055686,0.100484,0.000000,0.113791,0.356620,-0.927294,0.000000,0.015803,0.932588,0.360596,0.000000,18.708824,-0.000008,-0.000008,1.000000;;
          }

          Frame b_RightMiddle1 {
           

           FrameTransformMatrix {
            0.982464,0.020893,-0.185275,0.000000,-0.032670,0.997619,-0.060742,0.000000,0.183565,0.065730,0.980808,0.000000,8.862375,0.519449,-0.319710,1.000000;;
           }

           Frame b_RightMiddle2 {
            

            FrameTransformMatrix {
             0.987688,-0.000000,0.156434,0.000000,0.000000,1.000000,-0.000000,0.000000,-0.156435,0.000000,0.987688,0.000000,3.639740,0.000003,0.000000,1.000000;;
            }

            Frame b_RightMiddle3 {
             

             FrameTransformMatrix {
              0.857167,0.000000,0.515038,0.000000,0.000000,1.000000,0.000000,0.000000,-0.515038,-0.000000,0.857167,0.000000,2.277340,0.000003,0.000011,1.000000;;
             }
            }
           }
          }

          Frame b_RightIndex1 {
           

           FrameTransformMatrix {
            0.963271,0.242700,-0.114917,0.000000,-0.249429,0.967198,-0.048108,0.000000,0.099472,0.075005,0.992209,0.000000,8.417543,2.871936,-0.133667,1.000000;;
           }

           Frame b_RightIndex2 {
            

            FrameTransformMatrix {
             0.965926,0.000000,0.258819,0.000000,-0.000000,1.000000,-0.000000,0.000000,-0.258819,0.000000,0.965926,0.000000,3.645403,0.000004,0.000000,1.000000;;
            }

            Frame b_RightIndex3 {
             

             FrameTransformMatrix {
              0.642787,-0.000000,0.766045,0.000000,0.000000,1.000000,0.000000,0.000000,-0.766045,0.000000,0.642787,0.000000,2.323994,0.000002,0.000011,1.000000;;
             }
            }
           }
          }

          Frame b_RightWeapon {
           

           FrameTransformMatrix {
            -0.000001,-0.000000,1.000000,0.000000,0.000000,1.000000,0.000000,0.000000,-1.000000,-0.000000,-0.000001,0.000000,6.171747,1.394024,2.889305,1.000000;;
           }
          }

          Frame b_RightThumb1 {
           

           FrameTransformMatrix {
            0.255432,0.931803,0.257873,0.000000,-0.653226,-0.030307,0.756556,0.000000,0.712777,-0.361698,0.600936,0.000000,1.912163,2.097082,0.892048,1.000000;;
           }

           Frame b_RightThumb2 {
            

            FrameTransformMatrix {
             0.961262,0.000000,0.275637,0.000000,-0.000001,1.000000,-0.000000,0.000000,-0.275637,-0.000000,0.961262,0.000000,3.590488,0.000008,-0.000011,1.000000;;
            }

            Frame b_RightThumb3 {
             

             FrameTransformMatrix {
              0.559193,-0.000000,0.829038,0.000000,0.000000,1.000000,0.000000,0.000000,-0.829038,0.000000,0.559193,0.000000,2.151997,-0.000004,0.000004,1.000000;;
             }
            }
           }
          }

          Frame b_RightRing1 {
           

           FrameTransformMatrix {
            0.973732,-0.227693,0.001781,0.000000,0.225535,0.963369,-0.145102,0.000000,0.031323,0.141692,0.989415,0.000000,8.631552,-1.448710,-0.033367,1.000000;;
           }

           Frame b_RightRing2 {
            

            FrameTransformMatrix {
             1.000000,-0.000000,0.000000,0.000000,0.000000,1.000000,0.000000,0.000000,-0.000000,-0.000000,1.000000,0.000000,3.432369,-0.000001,0.000008,1.000000;;
            }

            Frame b_RightRing3 {
             

             FrameTransformMatrix {
              0.731354,0.000000,0.681998,0.000000,-0.000000,1.000000,0.000000,0.000000,-0.681998,-0.000000,0.731354,0.000000,2.437164,-0.000006,0.000000,1.000000;;
             }
            }
           }
          }

          Frame b_RightPinky1 {
           

           FrameTransformMatrix {
            0.915594,-0.258872,0.307692,0.000000,0.330323,0.920566,-0.208433,0.000000,-0.229293,0.292478,0.928375,0.000000,8.055489,-3.299671,0.454407,1.000000;;
           }

           Frame b_RightPinky2 {
            

            FrameTransformMatrix {
             0.981627,0.000000,0.190809,0.000000,-0.000000,1.000000,-0.000000,0.000000,-0.190809,0.000000,0.981627,0.000000,2.685602,0.000003,0.000000,1.000000;;
            }

            Frame b_RightPinky3 {
             

             FrameTransformMatrix {
              0.719340,-0.000000,0.694658,0.000000,0.000000,1.000000,0.000000,0.000000,-0.694658,0.000000,0.719340,0.000000,2.303415,0.000002,0.000008,1.000000;;
             }
            }
           }
          }
         }

         Frame b_RightForeArmRoll {
          

          FrameTransformMatrix {
           1.000000,0.000000,-0.000000,0.000000,-0.000000,0.983198,0.182543,0.000000,-0.000000,-0.182543,0.983198,0.000000,0.000002,-0.000008,-0.000002,1.000000;;
          }
         }
        }

        Frame b_RightArmRoll {
         

         FrameTransformMatrix {
          1.000000,-0.000000,0.000000,0.000000,0.000000,0.999965,0.008413,0.000000,-0.000000,-0.008413,0.999965,0.000000,0.000000,0.000000,0.000000,1.000000;;
         }
        }
       }

       Frame b_RightShoulderPad {
        

        FrameTransformMatrix {
         -0.972147,-0.140475,-0.187610,0.000000,-0.133894,0.989863,-0.047363,0.000000,0.192361,-0.020924,-0.981101,0.000000,5.551192,-6.453899,0.740097,1.000000;;
        }
       }
      }
     }
    }
   }

   Frame b_cloth_back_01 {
    

    FrameTransformMatrix {
     1.000000,-0.000000,0.000001,0.000000,0.000000,0.999980,0.006267,0.000000,-0.000001,-0.006267,0.999980,0.000000,3.126698,0.000067,-11.204361,1.000000;;
    }

    Frame b_cloth_back_02 {
     

     FrameTransformMatrix {
      0.991445,0.001557,0.130515,0.000000,-0.000002,0.999929,-0.011911,0.000000,-0.130524,0.011809,0.991375,0.000000,-11.137410,-0.000026,0.000015,1.000000;;
     }

     Frame b_cloth_back_03 {
      

      FrameTransformMatrix {
       0.963630,0.000000,0.267238,0.000000,-0.000000,1.000000,-0.000000,0.000000,-0.267238,0.000000,0.963630,0.000000,-6.695265,-0.000000,0.000000,1.000000;;
      }

      Frame b_cloth_back_04 {
       

       FrameTransformMatrix {
        0.986286,-0.000000,0.165048,0.000000,0.000000,1.000000,-0.000000,0.000000,-0.165048,0.000000,0.986286,0.000000,-6.279352,-6.774866,0.000000,1.000000;;
       }
      }

      Frame b_cloth_back_05 {
       

       FrameTransformMatrix {
        0.986286,-0.000000,0.165048,0.000000,0.000000,1.000000,-0.000000,0.000000,-0.165048,0.000000,0.986286,0.000000,-6.249352,6.812462,0.070637,1.000000;;
       }
      }
     }
    }
   }

   Frame b_cloth_left_01 {
    

    FrameTransformMatrix {
     0.973777,-0.192251,0.121649,0.000000,-0.022185,0.451913,0.891786,0.000000,-0.226422,-0.871100,0.435797,0.000000,3.046329,11.059883,-4.290034,1.000000;;
    }

    Frame b_cloth_left_02 {
     

     FrameTransformMatrix {
      0.978310,0.139438,-0.153188,0.000000,-0.132430,0.989660,0.055087,0.000000,0.159285,-0.033605,0.986660,0.000000,-7.457730,-0.000005,-0.000006,1.000000;;
     }

     Frame b_cloth_left_03 {
      

      FrameTransformMatrix {
       0.970296,-0.027387,0.240367,0.000000,0.004223,0.995338,0.096360,0.000000,-0.241885,-0.092483,0.965887,0.000000,-8.763190,-0.000002,0.000004,1.000000;;
      }
     }
    }
   }

   Frame b_cloth_right_01 {
    

    FrameTransformMatrix {
     0.973777,0.192250,0.121648,0.000000,0.022185,0.451913,-0.891786,0.000000,-0.226420,0.871099,0.435798,0.000000,3.046360,-11.059982,-4.290090,1.000000;;
    }

    Frame b_cloth_right_02 {
     

     FrameTransformMatrix {
      0.978310,-0.139438,-0.153185,0.000000,0.132430,0.989661,-0.055088,0.000000,0.159282,0.033607,0.986661,0.000000,-7.457774,-0.000103,-0.000233,1.000000;;
     }

     Frame b_cloth_right_03 {
      

      FrameTransformMatrix {
       0.970296,0.027386,0.240366,0.000000,-0.004222,0.995337,-0.096360,0.000000,-0.241885,0.092483,0.965888,0.000000,-8.763197,0.000257,0.000565,1.000000;;
      }
     }
    }
   }

   Frame b_cloth_front_01 {
    

    FrameTransformMatrix {
     0.997564,0.000002,0.069757,0.000000,-0.000002,1.000000,0.000003,0.000000,-0.069757,-0.000003,0.997564,0.000000,-9.694722,-0.000041,9.070150,1.000000;;
    }

    Frame b_cloth_front_02 {
     

     FrameTransformMatrix {
      0.993572,-0.000001,-0.113203,0.000000,0.000000,1.000000,-0.000000,0.000000,0.113203,0.000000,0.993572,0.000000,-6.929406,0.000001,-0.000000,1.000000;;
     }

     Frame b_cloth_front_03 {
      

      FrameTransformMatrix {
       0.981627,-0.000000,-0.190809,0.000000,0.000000,1.000000,0.000001,0.000000,0.190809,-0.000001,0.981627,0.000000,-6.717024,-0.000000,0.000001,1.000000;;
      }
     }
    }
   }
  }
 }

 Frame SK_CH_Krall_Male_Helmet01 {
  

  FrameTransformMatrix {
   1.000000,0.000000,0.000000,0.000000,0.000000,1.000000,0.000000,0.000000,0.000000,0.000000,1.000000,0.000000,0.000000,0.000000,0.000000,1.000000;;
  }

  Mesh SK_CH_Krall_Male_Helmet01 {
   717;
   -17.759107;60.082003;-13.425368;,
   -18.560398;59.286131;-14.200325;,
   -17.782946;59.952013;-13.413174;,
   -18.231270;52.063194;-1.283253;,
   -19.651949;50.952928;-3.708006;,
   -19.461960;50.633971;-3.375393;,
   -18.119635;52.526291;-1.145104;,
   -19.405235;52.541206;-3.664670;,
   -18.155232;54.132646;-1.653983;,
   -19.327034;54.587430;-3.861366;,
   -18.246085;55.705690;-1.797677;,
   -17.816736;55.729619;-1.973625;,
   -17.688045;54.172070;-1.867922;,
   -17.444499;52.474458;-1.575373;,
   -17.571442;52.145325;-1.577038;,
   -18.929776;50.614022;-3.915604;,
   -19.461960;50.633971;-3.375393;,
   -19.119770;50.932982;-4.248215;,
   -18.929776;50.614022;-3.915604;,
   -17.983418;58.609344;-2.072354;,
   -18.511362;60.119539;-1.852484;,
   -19.404768;59.976736;-2.368475;,
   -18.308739;58.602138;-1.762950;,
   -19.638277;59.122797;-2.742321;,
   -19.170422;58.025696;-2.537865;,
   -19.673453;57.380339;-3.427655;,
   -18.201307;60.127334;-2.132446;,
   -18.700693;63.009542;-2.220131;,
   -19.203738;62.865760;-1.997347;,
   -18.695638;63.346707;-2.115297;,
   -20.062107;58.770586;-3.316042;,
   -20.332939;59.069178;-3.940166;,
   -19.673453;57.380339;-3.427655;,
   -19.939296;62.656595;-2.427666;,
   -19.873470;59.859584;-3.026545;,
   -19.832280;59.567904;-3.278847;,
   -19.978576;59.526336;-3.658090;,
   -21.144640;60.648550;-4.563614;,
   -21.296547;60.247546;-5.030954;,
   -21.744322;60.472934;-5.330805;,
   -21.674674;60.265197;-5.471870;,
   -20.315376;62.154112;-3.882135;,
   -20.479323;60.905562;-4.214108;,
   -19.426203;59.579878;-3.617035;,
   -19.616003;59.630502;-3.998829;,
   -20.048362;60.943334;-4.518568;,
   -19.933552;62.168608;-4.147919;,
   -19.785726;62.269331;-3.714655;,
   -20.211030;62.257574;-3.347748;,
   -20.465784;62.457958;-3.582234;,
   -20.534811;63.339053;-4.000998;,
   -19.827680;63.969965;-3.047550;,
   -20.476758;64.196595;-4.399008;,
   -19.997534;62.938509;-2.567945;,
   -19.263088;60.017126;-3.318169;,
   -19.832280;59.567904;-3.278847;,
   -19.263088;60.017126;-3.318169;,
   -19.426203;59.579878;-3.617035;,
   -19.424414;63.215456;-1.792307;,
   -19.598165;63.519475;-2.120682;,
   -19.690128;64.606630;-3.580114;,
   -20.365856;65.521562;-4.854500;,
   -19.360146;63.948787;-3.137249;,
   -18.957890;63.586656;-2.311819;,
   -19.398443;65.604262;-3.655784;,
   -18.914562;65.494400;-3.825738;,
   -19.386427;64.486560;-3.691544;,
   -20.726421;66.578874;-5.667179;,
   -21.704507;65.569094;-6.469574;,
   -19.720621;66.462970;-4.173696;,
   -19.041776;66.474688;-3.760929;,
   -18.421278;66.191744;-4.053011;,
   -18.609898;68.025485;-4.325733;,
   -17.787699;67.076218;-4.771333;,
   -17.545250;67.699770;-4.375097;,
   -17.982762;68.653747;-4.318420;,
   -19.666982;67.529574;-4.700962;,
   -20.716053;67.278720;-7.030008;,
   -21.803789;66.079104;-8.196289;,
   -19.239640;68.498125;-5.548397;,
   -17.207251;69.300416;-4.448967;,
   -18.246040;69.409914;-7.573361;,
   -19.977760;67.916762;-8.948826;,
   -20.866725;66.703354;-10.047695;,
   -22.241411;64.712358;-9.195591;,
   -21.401314;65.275482;-11.035721;,
   -22.609987;62.863379;-10.185585;,
   -21.582251;62.285338;-13.156366;,
   -21.904438;63.788602;-11.680658;,
   -21.122139;63.950182;-12.728311;,
   -20.474014;65.377978;-12.134890;,
   -19.648563;66.926118;-11.381920;,
   -18.666432;68.207136;-10.491867;,
   -17.046723;69.678592;-9.030687;,
   -15.314946;70.313504;-7.478172;,
   -22.426064;62.177837;-11.984862;,
   -21.959512;61.843782;-13.497733;,
   -22.988989;61.661267;-12.077757;,
   -23.656434;60.794298;-12.893805;,
   -23.905662;60.621715;-11.282987;,
   -23.719350;60.255917;-12.697462;,
   -23.456734;60.000179;-12.571716;,
   -23.593670;59.374547;-13.227461;,
   -22.709502;61.024915;-14.175750;,
   -23.860298;59.948947;-13.676958;,
   -23.113152;60.055584;-14.546163;,
   -23.937886;59.743635;-13.378142;,
   -23.952267;58.542982;-14.132440;,
   -23.969395;58.653805;-14.357205;,
   -23.496851;58.675763;-14.903043;,
   -23.522331;57.477325;-14.938261;,
   -23.833760;57.454797;-14.535280;,
   -23.338126;56.577018;-14.783197;,
   -23.547896;56.806797;-14.440861;,
   -23.809285;57.442790;-14.335282;,
   -23.479330;56.770336;-14.319118;,
   -23.463360;57.348384;-14.109990;,
   -23.587619;58.428563;-13.848141;,
   -23.229669;56.771053;-14.098816;,
   -23.206387;56.539930;-14.665984;,
   -22.926336;56.576787;-14.415605;,
   -11.998271;62.360128;-12.438425;,
   -11.393833;64.041670;-12.061380;,
   -12.444412;62.255923;-12.537506;,
   -10.398350;63.106342;-11.520698;,
   -10.524504;63.684986;-11.759184;,
   -10.297110;63.444627;-11.523613;,
   -14.595400;62.857011;-13.458354;,
   -11.953075;64.573229;-12.018634;,
   -14.716059;63.289722;-13.408294;,
   -14.683213;62.222074;-13.587226;,
   -12.812980;61.027693;-12.623888;,
   -13.919813;60.380461;-13.273829;,
   -14.337595;60.353856;-13.591661;,
   -15.280883;61.089248;-13.892205;,
   -15.387315;60.757472;-13.838248;,
   -17.852160;62.379034;-13.781763;,
   -19.300179;63.352262;-11.108124;,
   -21.754418;60.609350;-13.327498;,
   -16.897347;63.380275;-13.799856;,
   -13.424571;67.477293;-9.706392;,
   -15.875539;63.761901;-13.728118;,
   -12.871830;67.133530;-10.278255;,
   -12.220670;66.264026;-10.999140;,
   -15.119800;63.691923;-13.446677;,
   -12.043451;65.574522;-11.522987;,
   -13.204813;69.697766;-7.228254;,
   -12.278423;68.344237;-9.310390;,
   -12.457182;67.759091;-10.074921;,
   -13.997646;69.496550;-6.310760;,
   -12.189026;69.997286;-5.125487;,
   -12.272762;70.087706;-4.764854;,
   -12.607109;70.104736;-5.838999;,
   -15.554118;67.692992;-7.718950;,
   -13.595755;70.574829;-7.114842;,
   -15.314946;70.313504;-7.478172;,
   -14.175234;70.616224;-6.457632;,
   -14.441320;70.279315;-8.501206;,
   -13.287100;70.352922;-7.405472;,
   -12.587074;70.829146;-5.771612;,
   -12.965944;70.876691;-5.375425;,
   -12.508896;69.355206;-9.712221;,
   -15.731698;69.439226;-10.390013;,
   -12.457182;67.759091;-10.074921;,
   -12.460222;68.718138;-10.504955;,
   -12.278423;68.344237;-9.310390;,
   -13.204813;69.697766;-7.228254;,
   -12.607109;70.104736;-5.838999;,
   -12.198686;70.655917;-5.274932;,
   -12.413546;70.759187;-4.883538;,
   -12.189026;69.997286;-5.125487;,
   -12.272762;70.087706;-4.764854;,
   -13.822789;68.561280;-11.616535;,
   -15.449197;67.340134;-12.930118;,
   -17.278688;67.948243;-11.972416;,
   -16.718554;66.138381;-13.892944;,
   -17.746755;64.764768;-14.230656;,
   -15.796723;64.742400;-14.432142;,
   -16.758573;63.763155;-14.570462;,
   -18.458446;66.731443;-12.745527;,
   -19.648563;66.926118;-11.381920;,
   -18.666432;68.207136;-10.491867;,
   -17.046723;69.678592;-9.030687;,
   -15.682814;64.297882;-14.307306;,
   -18.587320;60.943539;-14.514315;,
   -17.993178;59.838886;-14.671210;,
   -18.542510;59.670221;-14.684427;,
   -18.095330;61.121114;-14.502685;,
   -17.848328;62.507757;-14.639830;,
   -17.729091;61.315258;-14.161819;,
   -17.608000;62.341856;-14.224494;,
   -16.654814;63.324595;-14.246954;,
   -15.752978;63.793594;-14.057915;,
   -14.933064;64.406189;-13.958278;,
   -17.490050;59.962438;-13.742358;,
   -18.272171;59.296499;-14.524278;,
   -17.480896;60.332326;-13.983694;,
   -18.049005;61.348256;-13.744262;,
   -17.816554;60.427667;-13.577435;,
   -17.759107;60.082003;-13.425368;,
   -17.782946;59.952013;-13.413174;,
   -18.560398;59.286131;-14.200325;,
   -19.966581;60.667642;-15.695680;,
   -21.189766;60.026618;-15.111250;,
   -21.347048;60.283571;-15.354998;,
   -19.943571;60.388326;-15.475795;,
   -20.637171;60.472979;-14.652939;,
   -19.444099;60.200186;-14.962059;,
   -19.749254;60.239181;-14.461597;,
   -19.069354;59.915258;-14.462861;,
   -19.749254;60.239181;-14.461597;,
   -19.182163;59.913939;-14.336486;,
   -19.338370;60.857318;-15.096992;,
   -19.503734;61.123238;-15.269094;,
   -20.663278;61.688384;-14.683096;,
   -19.187901;61.514195;-14.540286;,
   -21.540570;60.818963;-15.264067;,
   -22.709502;61.024915;-14.175750;,
   -22.332976;59.966752;-15.387918;,
   -23.113152;60.055584;-14.546163;,
   -21.959512;61.843782;-13.497733;,
   -20.512653;62.200147;-14.128328;,
   -18.752912;62.908352;-14.506413;,
   -20.474014;65.377978;-12.134890;,
   -19.485781;65.297824;-13.181564;,
   -20.168075;63.808845;-13.625787;,
   -21.582251;62.285338;-13.156366;,
   -21.122139;63.950182;-12.728311;,
   -22.844098;59.443501;-15.280178;,
   -23.122501;58.746451;-15.065136;,
   -23.191091;58.724179;-15.282290;,
   -13.919813;60.380461;-13.273829;,
   -12.234129;59.716582;-12.268257;,
   -12.812980;61.027693;-12.623888;,
   -13.264048;59.189894;-12.695018;,
   -11.793347;57.369914;-11.726486;,
   -12.606914;57.012736;-11.927239;,
   -12.284891;54.681882;-11.551279;,
   -11.832815;59.668422;-12.123406;,
   -9.519357;52.239216;-10.597261;,
   -12.335833;51.012096;-11.847814;,
   -11.980589;50.695056;-11.700322;,
   -9.506746;52.567005;-10.467515;,
   -12.200930;52.628394;-11.683709;,
   -9.842506;54.263558;-10.656766;,
   -9.978186;55.821024;-10.754635;,
   -11.198883;58.124288;-11.376842;,
   -11.521955;60.107392;-11.990050;,
   -10.124909;58.700966;-10.875724;,
   -10.224953;60.220346;-11.067831;,
   -10.398350;63.106342;-11.520698;,
   -11.998271;62.360128;-12.438425;,
   -21.850288;59.394874;-15.180456;,
   -22.042744;59.765728;-15.501146;,
   -22.895021;56.777152;-14.973683;,
   -22.691418;57.357389;-14.974744;,
   -22.647910;56.777837;-14.750518;,
   -22.955350;57.452749;-15.291885;,
   -22.456488;58.441754;-15.115272;,
   -22.781373;58.556640;-15.444117;,
   -23.206387;56.539930;-14.665984;,
   -22.926336;56.576787;-14.415605;,
   -23.338126;56.577018;-14.783197;,
   -23.024109;56.812909;-15.027626;,
   -23.156946;57.462688;-15.293469;,
   -23.007763;58.665018;-15.434456;,
   -23.522331;57.477325;-14.938261;,
   -23.496851;58.675763;-14.903043;,
   -18.560398;59.286131;-14.200325;,
   -17.759107;60.082003;-13.425368;,
   -17.816554;60.427667;-13.577435;,
   -18.049005;61.348256;-13.744262;,
   -19.182163;59.913939;-14.336486;,
   -19.749254;60.239181;-14.461597;,
   -20.637171;60.472979;-14.652939;,
   -21.189766;60.026618;-15.111250;,
   -22.250488;60.190451;-13.774686;,
   -21.850288;59.394874;-15.180456;,
   -22.663158;59.389683;-14.151402;,
   -22.456488;58.441754;-15.115272;,
   -22.962883;58.412218;-14.429125;,
   -22.691418;57.357389;-14.974744;,
   -23.019232;57.314022;-14.490858;,
   -22.647910;56.777837;-14.750518;,
   -22.926336;56.576787;-14.415605;,
   -11.930462;65.691328;-12.021667;,
   -12.490340;66.547270;-12.273300;,
   -12.003589;66.556749;-11.645347;,
   -13.229987;65.604768;-12.848343;,
   -14.089122;66.656250;-13.102506;,
   -14.986507;65.647418;-13.995304;,
   -13.019159;67.607085;-12.148077;,
   -12.531923;68.096346;-11.134486;,
   -12.220670;66.264026;-10.999140;,
   -12.043451;65.574522;-11.522987;,
   -11.877958;64.697722;-12.331571;,
   -12.871830;67.133530;-10.278255;,
   -13.672582;61.967027;-13.904016;,
   -12.978682;60.743757;-13.711398;,
   -13.806917;60.565485;-14.222555;,
   -14.214901;62.100531;-13.993278;,
   -13.785282;62.966938;-13.571354;,
   -12.645855;63.236269;-13.043579;,
   -13.871106;63.724698;-13.500930;,
   -12.776285;64.286374;-13.025339;,
   -14.320595;64.196352;-13.616203;,
   -13.919813;60.380461;-13.273829;,
   -13.937045;60.355411;-14.139824;,
   -13.456030;60.338963;-13.814166;,
   -14.633314;60.861798;-14.363794;,
   -14.448061;62.227149;-13.907856;,
   -14.409526;62.880115;-13.650765;,
   -14.498864;63.384250;-13.595146;,
   -14.932899;61.132512;-14.213314;,
   -14.963614;60.801619;-14.244178;,
   -14.337595;60.353856;-13.591661;,
   -14.683213;62.222074;-13.587226;,
   -15.280883;61.089248;-13.892205;,
   -15.387315;60.757472;-13.838248;,
   -15.875539;63.761901;-13.728118;,
   -15.180949;63.801517;-13.879114;,
   -15.119800;63.691923;-13.446677;,
   -14.763323;63.675418;-13.681859;,
   -14.716059;63.289722;-13.408294;,
   -14.595400;62.857011;-13.458354;,
   -16.897347;63.380275;-13.799856;,
   -17.852160;62.379034;-13.781763;,
   -23.122501;58.746451;-15.065136;,
   -22.844098;59.443501;-15.280178;,
   -22.822544;59.365510;-15.072238;,
   -11.953075;64.573229;-12.018634;,
   -11.393833;64.041670;-12.061380;,
   -11.357816;64.068723;-12.535776;,
   -10.524504;63.684986;-11.759184;,
   -10.406327;63.626643;-12.417690;,
   -10.297110;63.444627;-11.523613;,
   -10.057282;63.324672;-12.285685;,
   -10.889860;63.044704;-12.770668;,
   -10.740983;62.763846;-12.731926;,
   -10.232418;62.970355;-12.047322;,
   -10.398350;63.106342;-11.520698;,
   -11.299626;59.959546;-12.631256;,
   -11.681723;62.357024;-12.902567;,
   -10.594014;60.079482;-12.238581;,
   -9.981789;60.219008;-11.407602;,
   -10.224953;60.220346;-11.067831;,
   -9.854227;58.700717;-11.233978;,
   -10.124909;58.700966;-10.875724;,
   -9.851690;55.803571;-11.201362;,
   -9.978186;55.821024;-10.754635;,
   -10.983021;59.223718;-12.438234;,
   -10.715628;58.124275;-12.009211;,
   -11.542620;59.664570;-12.565205;,
   -11.521955;60.107392;-11.990050;,
   -11.998271;62.360128;-12.438425;,
   -11.649882;57.473894;-12.415930;,
