K ./Resources/XMeshSkinned/OBJ/House2/house2.X
P 20.943321 47.554253
S 1.000000 1.000000 1.000000
1 1.000000 0.000000 0.000000
2 0.000000 1.000000 0.000000
3 0.000000 0.000000 1.000000
B 
K ./Resources/XMeshSkinned/OBJ/House2/house2.X
P 34.128651 47.688957
S 1.000000 1.000000 1.000000
1 1.000000 0.000000 0.000000
2 0.000000 1.000000 0.000000
3 0.000000 0.000000 1.000000
B 
K ./Resources/XMeshSkinned/OBJ/House2/house2.X
P 46.961246 47.829918
S 1.000000 1.000000 1.000000
1 1.000000 0.000000 0.000000
2 0.000000 1.000000 0.000000
3 0.000000 0.000000 1.000000
B 
K ./Resources/XMeshSkinned/OBJ/House/house.X
P -24.301189 45.792610
S 1.000000 1.000000 1.000000
1 -0.029199 0.000000 0.999574
2 0.000000 1.000000 0.000000
3 -0.999574 0.000000 -0.029199
B 
K ./Resources/XMeshSkinned/OBJ/House/house.X
P -36.396385 46.003723
S 1.000000 1.000000 1.000000
1 -0.029199 0.000000 0.999574
2 0.000000 1.000000 0.000000
3 -0.999574 0.000000 -0.029199
B 
K ./Resources/XMeshSkinned/OBJ/House/house.X
P -47.780586 45.838326
S 1.000000 1.000000 1.000000
1 -0.029199 0.000000 0.999574
2 0.000000 1.000000 0.000000
3 -0.999574 0.000000 -0.029199
B 
K ./Resources/XMeshSkinned/OBJ/House2/house2.X
P 45.653988 24.659630
S 1.000000 1.000000 1.000000
1 -0.029199 0.000000 -0.999574
2 0.000000 1.000000 0.000000
3 0.999574 0.000000 -0.029199
B 
K ./Resources/XMeshSkinned/OBJ/House2/house2.X
P 45.145741 13.497284
S 1.000000 1.000000 1.000000
1 -0.029199 0.000000 -0.999574
2 0.000000 1.000000 0.000000
3 0.999574 0.000000 -0.029199
B 
K ./Resources/XMeshSkinned/OBJ/House/house.X
P -49.440292 27.144175
S 1.000000 1.000000 1.000000
1 -0.999135 0.000000 -0.041581
2 0.000000 1.000000 0.000000
3 0.041581 0.000000 -0.999135
B 
K ./Resources/XMeshSkinned/OBJ/House/house.X
P -49.841400 15.624897
S 1.000000 1.000000 1.000000
1 -0.999135 0.000000 -0.041581
2 0.000000 1.000000 0.000000
3 0.041581 0.000000 -0.999135
B 
K ./Resources/XMeshSkinned/OBJ/House2/house2.X
P 20.730152 26.356594
S 1.000000 1.000000 1.000000
1 -0.029199 0.000000 -0.999574
2 0.000000 1.000000 0.000000
3 0.999574 -0.000000 -0.029199
B 
K ./Resources/XMeshSkinned/OBJ/House2/house2.X
P 20.785280 14.302364
S 1.000000 1.000000 1.000000
1 -0.029199 0.000000 -0.999574
2 0.000000 1.000000 0.000000
3 0.999574 0.000000 -0.029199
B 
K ./Resources/XMeshSkinned/OBJ/House/house.X
P -25.021526 27.797581
S 1.000000 1.000000 1.000000
1 -0.999135 0.000000 -0.041581
2 0.000000 1.000000 0.000000
3 0.041581 0.000000 -0.999135
B 
K ./Resources/XMeshSkinned/OBJ/House/house.X
P -25.089954 15.025368
S 1.000000 1.000000 1.000000
1 -0.999135 0.000000 -0.041581
2 0.000000 1.000000 0.000000
3 0.041581 0.000000 -0.999135
B 
K ./Resources/XMeshSkinned/OBJ/House3/house3.X
P -0.078886 45.112801
S 1.500000 1.500000 1.500000
1 -0.029199 0.000000 0.999574
2 0.000000 1.000000 0.000000
3 -0.999574 0.000000 -0.029199
B 
K ./Resources/XMeshSkinned/OBJ/Tower/tower.X
P -42.451912 -77.284775
S 1.000000 1.000000 1.000000
1 1.000000 0.000000 0.000000
2 0.000000 1.000000 0.000000
3 0.000000 0.000000 1.000000
B 
